$lambda
  [1] 1.000000e+10 7.564633e+09 5.722368e+09 4.328761e+09 3.274549e+09
  [6] 2.477076e+09 1.873817e+09 1.417474e+09 1.072267e+09 8.111308e+08
 [11] 6.135907e+08 4.641589e+08 3.511192e+08 2.656088e+08 2.009233e+08
 [16] 1.519911e+08 1.149757e+08 8.697490e+07 6.579332e+07 4.977024e+07
 [21] 3.764936e+07 2.848036e+07 2.154435e+07 1.629751e+07 1.232847e+07
 [26] 9.326033e+06 7.054802e+06 5.336699e+06 4.037017e+06 3.053856e+06
 [31] 2.310130e+06 1.747528e+06 1.321941e+06 1.000000e+06 7.564633e+05
 [36] 5.722368e+05 4.328761e+05 3.274549e+05 2.477076e+05 1.873817e+05
 [41] 1.417474e+05 1.072267e+05 8.111308e+04 6.135907e+04 4.641589e+04
 [46] 3.511192e+04 2.656088e+04 2.009233e+04 1.519911e+04 1.149757e+04
 [51] 8.697490e+03 6.579332e+03 4.977024e+03 3.764936e+03 2.848036e+03
 [56] 2.154435e+03 1.629751e+03 1.232847e+03 9.326033e+02 7.054802e+02
 [61] 5.336699e+02 4.037017e+02 3.053856e+02 2.310130e+02 1.747528e+02
 [66] 1.321941e+02 1.000000e+02 7.564633e+01 5.722368e+01 4.328761e+01
 [71] 3.274549e+01 2.477076e+01 1.873817e+01 1.417474e+01 1.072267e+01
 [76] 8.111308e+00 6.135907e+00 4.641589e+00 3.511192e+00 2.656088e+00
 [81] 2.009233e+00 1.519911e+00 1.149757e+00 8.697490e-01 6.579332e-01
 [86] 4.977024e-01 3.764936e-01 2.848036e-01 2.154435e-01 1.629751e-01
 [91] 1.232847e-01 9.326033e-02 7.054802e-02 5.336699e-02 4.037017e-02
 [96] 3.053856e-02 2.310130e-02 1.747528e-02 1.321941e-02 1.000000e-02

$cvm
  [1] 0.96066190 0.96066190 0.96066190 0.96066190 0.96066190 0.96066190
  [7] 0.96066190 0.96066190 0.96066190 0.96066190 0.96066190 0.96066190
 [13] 0.96066190 0.96066190 0.96066190 0.96066190 0.96066190 0.96066190
 [19] 0.96066190 0.96066190 0.96066190 0.96066190 0.96066190 0.96066190
 [25] 0.96066190 0.96066190 0.96066190 0.96066190 0.96066190 0.96066190
 [31] 0.96066190 0.96066190 0.96066190 0.96066190 0.96066190 0.96066190
 [37] 0.96066190 0.96066190 0.96066190 0.96066190 0.96066190 0.96066190
 [43] 0.96066190 0.96066190 0.96066190 0.96066190 0.96066190 0.96066190
 [49] 0.96066190 0.96066190 0.96066190 0.96066190 0.96066190 0.96066190
 [55] 0.96066190 0.96066190 0.96066190 0.96066190 0.96066190 0.96066190
 [61] 0.96066190 0.96066190 0.96066190 0.96066190 0.96066190 0.96066190
 [67] 0.96066190 0.96066190 0.96066190 0.96066190 0.96066190 0.96066190
 [73] 0.96066190 0.96066190 0.96066190 0.96066190 0.96066190 0.96066190
 [79] 0.96066190 0.96066190 0.96066190 0.96066190 0.96066190 0.96066190
 [85] 0.73931261 0.53200813 0.41365457 0.34590493 0.28774639 0.24429155
 [91] 0.21789931 0.14819632 0.10569060 0.08127664 0.06713313 0.05884721
 [97] 0.05384328 0.05102395 0.04962495 0.04893909

$cvsd
  [1] 0.071470399 0.071470399 0.071470399 0.071470399 0.071470399 0.071470399
  [7] 0.071470399 0.071470399 0.071470399 0.071470399 0.071470399 0.071470399
 [13] 0.071470399 0.071470399 0.071470399 0.071470399 0.071470399 0.071470399
 [19] 0.071470399 0.071470399 0.071470399 0.071470399 0.071470399 0.071470399
 [25] 0.071470399 0.071470399 0.071470399 0.071470399 0.071470399 0.071470399
 [31] 0.071470399 0.071470399 0.071470399 0.071470399 0.071470399 0.071470399
 [37] 0.071470399 0.071470399 0.071470399 0.071470399 0.071470399 0.071470399
 [43] 0.071470399 0.071470399 0.071470399 0.071470399 0.071470399 0.071470399
 [49] 0.071470399 0.071470399 0.071470399 0.071470399 0.071470399 0.071470399
 [55] 0.071470399 0.071470399 0.071470399 0.071470399 0.071470399 0.071470399
 [61] 0.071470399 0.071470399 0.071470399 0.071470399 0.071470399 0.071470399
 [67] 0.071470399 0.071470399 0.071470399 0.071470399 0.071470399 0.071470399
 [73] 0.071470399 0.071470399 0.071470399 0.071470399 0.071470399 0.071470399
 [79] 0.071470399 0.071470399 0.071470399 0.071470399 0.071470399 0.071470399
 [85] 0.066271085 0.040076034 0.029012330 0.025257307 0.023747762 0.017934201
 [91] 0.015583942 0.011164127 0.007537993 0.005169359 0.003725518 0.002928969
 [97] 0.002340048 0.002051985 0.001976510 0.001979084

$cvup
  [1] 1.03213230 1.03213230 1.03213230 1.03213230 1.03213230 1.03213230
  [7] 1.03213230 1.03213230 1.03213230 1.03213230 1.03213230 1.03213230
 [13] 1.03213230 1.03213230 1.03213230 1.03213230 1.03213230 1.03213230
 [19] 1.03213230 1.03213230 1.03213230 1.03213230 1.03213230 1.03213230
 [25] 1.03213230 1.03213230 1.03213230 1.03213230 1.03213230 1.03213230
 [31] 1.03213230 1.03213230 1.03213230 1.03213230 1.03213230 1.03213230
 [37] 1.03213230 1.03213230 1.03213230 1.03213230 1.03213230 1.03213230
 [43] 1.03213230 1.03213230 1.03213230 1.03213230 1.03213230 1.03213230
 [49] 1.03213230 1.03213230 1.03213230 1.03213230 1.03213230 1.03213230
 [55] 1.03213230 1.03213230 1.03213230 1.03213230 1.03213230 1.03213230
 [61] 1.03213230 1.03213230 1.03213230 1.03213230 1.03213230 1.03213230
 [67] 1.03213230 1.03213230 1.03213230 1.03213230 1.03213230 1.03213230
 [73] 1.03213230 1.03213230 1.03213230 1.03213230 1.03213230 1.03213230
 [79] 1.03213230 1.03213230 1.03213230 1.03213230 1.03213230 1.03213230
 [85] 0.80558370 0.57208417 0.44266690 0.37116223 0.31149415 0.26222575
 [91] 0.23348325 0.15936044 0.11322859 0.08644600 0.07085865 0.06177618
 [97] 0.05618333 0.05307594 0.05160146 0.05091817

$cvlo
  [1] 0.88919150 0.88919150 0.88919150 0.88919150 0.88919150 0.88919150
  [7] 0.88919150 0.88919150 0.88919150 0.88919150 0.88919150 0.88919150
 [13] 0.88919150 0.88919150 0.88919150 0.88919150 0.88919150 0.88919150
 [19] 0.88919150 0.88919150 0.88919150 0.88919150 0.88919150 0.88919150
 [25] 0.88919150 0.88919150 0.88919150 0.88919150 0.88919150 0.88919150
 [31] 0.88919150 0.88919150 0.88919150 0.88919150 0.88919150 0.88919150
 [37] 0.88919150 0.88919150 0.88919150 0.88919150 0.88919150 0.88919150
 [43] 0.88919150 0.88919150 0.88919150 0.88919150 0.88919150 0.88919150
 [49] 0.88919150 0.88919150 0.88919150 0.88919150 0.88919150 0.88919150
 [55] 0.88919150 0.88919150 0.88919150 0.88919150 0.88919150 0.88919150
 [61] 0.88919150 0.88919150 0.88919150 0.88919150 0.88919150 0.88919150
 [67] 0.88919150 0.88919150 0.88919150 0.88919150 0.88919150 0.88919150
 [73] 0.88919150 0.88919150 0.88919150 0.88919150 0.88919150 0.88919150
 [79] 0.88919150 0.88919150 0.88919150 0.88919150 0.88919150 0.88919150
 [85] 0.67304153 0.49193210 0.38464224 0.32064762 0.26399863 0.22635735
 [91] 0.20231537 0.13703219 0.09815261 0.07610729 0.06340761 0.05591825
 [97] 0.05150323 0.04897197 0.04764844 0.04696001

$nzero
 s0  s1  s2  s3  s4  s5  s6  s7  s8  s9 s10 s11 s12 s13 s14 s15 s16 s17 s18 s19 
  0   0   0   0   0   0   0   0   0   0   0   0   0   0   0   0   0   0   0   0 
s20 s21 s22 s23 s24 s25 s26 s27 s28 s29 s30 s31 s32 s33 s34 s35 s36 s37 s38 s39 
  0   0   0   0   0   0   0   0   0   0   0   0   0   0   0   0   0   0   0   0 
s40 s41 s42 s43 s44 s45 s46 s47 s48 s49 s50 s51 s52 s53 s54 s55 s56 s57 s58 s59 
  0   0   0   0   0   0   0   0   0   0   0   0   0   0   0   0   0   0   0   0 
s60 s61 s62 s63 s64 s65 s66 s67 s68 s69 s70 s71 s72 s73 s74 s75 s76 s77 s78 s79 
  0   0   0   0   0   0   0   0   0   0   0   0   0   0   0   0   0   0   0   0 
s80 s81 s82 s83 s84 s85 s86 s87 s88 s89 s90 s91 s92 s93 s94 s95 s96 s97 s98 s99 
  0   0   0   0   1   1   1   1   2   2   3   4   4   4   5   5   6   6   7   9 

$name
                 mse 
"Mean-Squared Error" 

$glmnet.fit

Call:  glmnet(x = as.matrix(train[, -12]), y = train[, 12], lambda = grid,      alpha = 1, intercept = FALSE, standardize = FALSE) 

       Df   %Dev    Lambda
  [1,]  0 0.0000 1.000e+10
  [2,]  0 0.0000 7.565e+09
  [3,]  0 0.0000 5.722e+09
  [4,]  0 0.0000 4.329e+09
  [5,]  0 0.0000 3.275e+09
  [6,]  0 0.0000 2.477e+09
  [7,]  0 0.0000 1.874e+09
  [8,]  0 0.0000 1.417e+09
  [9,]  0 0.0000 1.072e+09
 [10,]  0 0.0000 8.111e+08
 [11,]  0 0.0000 6.136e+08
 [12,]  0 0.0000 4.642e+08
 [13,]  0 0.0000 3.511e+08
 [14,]  0 0.0000 2.656e+08
 [15,]  0 0.0000 2.009e+08
 [16,]  0 0.0000 1.520e+08
 [17,]  0 0.0000 1.150e+08
 [18,]  0 0.0000 8.697e+07
 [19,]  0 0.0000 6.579e+07
 [20,]  0 0.0000 4.977e+07
 [21,]  0 0.0000 3.765e+07
 [22,]  0 0.0000 2.848e+07
 [23,]  0 0.0000 2.154e+07
 [24,]  0 0.0000 1.630e+07
 [25,]  0 0.0000 1.233e+07
 [26,]  0 0.0000 9.326e+06
 [27,]  0 0.0000 7.055e+06
 [28,]  0 0.0000 5.337e+06
 [29,]  0 0.0000 4.037e+06
 [30,]  0 0.0000 3.054e+06
 [31,]  0 0.0000 2.310e+06
 [32,]  0 0.0000 1.748e+06
 [33,]  0 0.0000 1.322e+06
 [34,]  0 0.0000 1.000e+06
 [35,]  0 0.0000 7.565e+05
 [36,]  0 0.0000 5.722e+05
 [37,]  0 0.0000 4.329e+05
 [38,]  0 0.0000 3.275e+05
 [39,]  0 0.0000 2.477e+05
 [40,]  0 0.0000 1.874e+05
 [41,]  0 0.0000 1.417e+05
 [42,]  0 0.0000 1.072e+05
 [43,]  0 0.0000 8.111e+04
 [44,]  0 0.0000 6.136e+04
 [45,]  0 0.0000 4.642e+04
 [46,]  0 0.0000 3.511e+04
 [47,]  0 0.0000 2.656e+04
 [48,]  0 0.0000 2.009e+04
 [49,]  0 0.0000 1.520e+04
 [50,]  0 0.0000 1.150e+04
 [51,]  0 0.0000 8.697e+03
 [52,]  0 0.0000 6.579e+03
 [53,]  0 0.0000 4.977e+03
 [54,]  0 0.0000 3.765e+03
 [55,]  0 0.0000 2.848e+03
 [56,]  0 0.0000 2.154e+03
 [57,]  0 0.0000 1.630e+03
 [58,]  0 0.0000 1.233e+03
 [59,]  0 0.0000 9.326e+02
 [60,]  0 0.0000 7.055e+02
 [61,]  0 0.0000 5.337e+02
 [62,]  0 0.0000 4.037e+02
 [63,]  0 0.0000 3.054e+02
 [64,]  0 0.0000 2.310e+02
 [65,]  0 0.0000 1.748e+02
 [66,]  0 0.0000 1.322e+02
 [67,]  0 0.0000 1.000e+02
 [68,]  0 0.0000 7.565e+01
 [69,]  0 0.0000 5.722e+01
 [70,]  0 0.0000 4.329e+01
 [71,]  0 0.0000 3.275e+01
 [72,]  0 0.0000 2.477e+01
 [73,]  0 0.0000 1.874e+01
 [74,]  0 0.0000 1.417e+01
 [75,]  0 0.0000 1.072e+01
 [76,]  0 0.0000 8.111e+00
 [77,]  0 0.0000 6.136e+00
 [78,]  0 0.0000 4.642e+00
 [79,]  0 0.0000 3.511e+00
 [80,]  0 0.0000 2.656e+00
 [81,]  0 0.0000 2.009e+00
 [82,]  0 0.0000 1.520e+00
 [83,]  0 0.0000 1.150e+00
 [84,]  0 0.0000 8.697e-01
 [85,]  1 0.2466 6.579e-01
 [86,]  1 0.4552 4.977e-01
 [87,]  1 0.5745 3.765e-01
 [88,]  1 0.6428 2.848e-01
 [89,]  2 0.7098 2.154e-01
 [90,]  2 0.7528 1.630e-01
 [91,]  3 0.7774 1.233e-01
 [92,]  4 0.8519 9.326e-02
 [93,]  4 0.8949 7.055e-02
 [94,]  4 0.9195 5.337e-02
 [95,]  5 0.9340 4.037e-02
 [96,]  5 0.9425 3.054e-02
 [97,]  6 0.9476 2.310e-02
 [98,]  6 0.9506 1.748e-02
 [99,]  7 0.9524 1.322e-02
[100,]  9 0.9536 1.000e-02

$lambda.min
[1] 0.01

$lambda.1se
[1] 0.01321941

attr(,"class")
[1] "cv.glmnet"
[1] 0.01
